135 141 68 34 101 25 121 99 108 19 4 57 167 64 27 67 166 9 123 44 
4 63 3 
16 22 55 
15 13 9 
50 48 45 
5.3196094036102295 sec. 0.0 3.79746835443038 1.1904761904761905

174 159 31 56 163 36 141 51 46 112 117 66 45 116 12 20 13 71 68 162 
46 98 23 
19 44 31 
61 27 44 
69 26 35 
5.335209369659424 sec. 0.0 3.79746835443038 2.380952380952381

115 23 106 127 128 92 89 154 54 168 39 147 28 110 31 93 40 7 76 159 
9 21 60 
44 39 24 
85 101 54 
7 19 11 
5.304009199142456 sec. 0.0 3.79746835443038 1.488095238095238

164 163 144 148 44 105 2 122 106 16 28 7 143 161 15 57 25 80 63 40 
37 83 31 
13 7 56 
83 26 45 
13 15 42 
5.3664093017578125 sec. 0.0 3.79746835443038 0.0

177 104 112 59 153 145 1 54 100 2 159 134 103 170 162 110 56 4 118 69 
93 88 63 
12 56 8 
85 92 29 
19 31 48 
5.475609540939331 sec. 0.0 0.6329113924050633 0.5952380952380952

68 33 69 81 100 158 108 138 52 94 16 19 90 10 25 109 161 97 156 8 
43 42 44 
46 1 53 
95 105 46 
22 8 3 
5.226009368896484 sec. 0.0 1.89873417721519 0.8928571428571428

139 103 28 175 125 123 40 149 86 146 67 20 177 102 23 118 154 129 96 166 
97 55 93 
49 45 13 
96 84 73 
47 32 27 
5.304009437561035 sec. 0.0 1.89873417721519 3.273809523809524

38 141 71 153 20 28 18 13 47 164 8 114 1 37 173 156 79 154 7 94 
37 28 97 
50 13 29 
114 39 45 
46 53 17 
5.241609334945679 sec. 0.0 1.89873417721519 1.1904761904761905

152 164 129 157 165 78 113 177 143 131 102 90 26 163 19 0 109 62 38 141 
49 9 15 
45 35 28 
89 103 66 
15 21 33 
5.350809335708618 sec. 0.0 1.89873417721519 9.523809523809524

129 88 52 169 125 76 73 148 154 25 109 159 120 161 149 98 71 95 104 145 
12 25 62 
30 41 1 
51 71 75 
8 48 5 
5.257209062576294 sec. 0.0 5.063291139240507 0.2976190476190476

0 47 151 171 34 93 172 102 86 84 15 119 54 104 161 32 76 25 91 90 
52 62 28 
46 54 0 
16 101 79 
27 26 66 
5.226009130477905 sec. 0.0 4.430379746835443 1.1904761904761905

105 101 174 115 142 48 51 100 112 93 175 109 94 5 119 75 95 177 70 72 
70 39 80 
18 38 10 
92 67 100 
25 29 57 
5.304009199142456 sec. 0.0 1.2658227848101267 0.5952380952380952

161 0 163 153 19 101 81 128 157 175 56 51 79 75 133 152 43 162 151 171 
48 91 9 
45 27 3 
4 30 83 
37 39 58 
5.241609334945679 sec. 0.0 5.063291139240507 0.0

74 131 80 112 151 19 63 79 52 8 81 42 153 39 9 84 78 67 125 41 
56 20 66 
55 39 4 
88 90 68 
49 14 48 
5.257209300994873 sec. 0.0 2.5316455696202533 2.6785714285714284

121 93 127 161 148 41 50 116 153 72 29 100 30 55 67 48 56 53 112 68 
56 85 95 
52 24 51 
86 49 1 
48 26 30 
5.460009574890137 sec. 0.0 0.0 2.083333333333333

88 29 151 43 76 13 136 122 131 71 47 152 119 147 56 172 32 100 138 21 
88 21 59 
2 53 26 
81 23 62 
28 23 11 
5.491209506988525 sec. 0.0 1.2658227848101267 5.059523809523809

117 174 41 68 0 125 76 151 124 75 118 123 110 7 166 18 173 83 84 107 
39 58 95 
30 32 14 
77 110 73 
64 70 9 
5.3196094036102295 sec. 0.0 1.2658227848101267 10.119047619047619

70 6 29 0 141 136 69 109 32 128 51 37 23 59 10 111 96 131 53 80 
43 26 32 
35 42 4 
77 63 34 
33 8 69 
5.288409233093262 sec. 0.0 1.2658227848101267 5.059523809523809

29 77 106 126 54 136 175 3 148 100 173 139 14 59 33 5 149 107 128 146 
47 8 63 
13 52 8 
26 27 65 
68 54 47 
5.272809267044067 sec. 0.0 6.962025316455696 0.2976190476190476

124 54 171 52 116 157 62 66 100 45 23 59 92 80 85 74 161 37 24 122 
72 65 81 
13 1 6 
84 40 112 
8 6 33 
5.226008892059326 sec. 0.0 1.89873417721519 1.7857142857142856

1 62 135 111 151 110 18 17 49 154 73 50 139 92 60 122 147 96 48 128 
42 68 21 
24 29 10 
47 55 45 
65 15 1 
5.335209369659424 sec. 0.0 3.79746835443038 1.7857142857142856

47 31 154 90 138 13 162 148 142 66 59 109 51 88 96 99 20 128 14 72 
3 62 39 
43 0 24 
53 74 25 
63 0 39 
5.257209062576294 sec. 0.0 0.0 3.273809523809524

27 131 45 7 66 70 100 98 138 67 68 157 87 111 82 143 2 89 51 120 
63 15 3 
36 5 34 
65 99 103 
17 57 25 
5.304009437561035 sec. 0.0 1.89873417721519 2.380952380952381

174 168 47 116 121 105 23 33 148 143 169 83 165 134 11 107 146 77 173 64 
11 83 41 
40 27 7 
83 80 85 
16 58 28 
5.257209062576294 sec. 0.0 1.2658227848101267 1.488095238095238

62 78 72 96 6 177 29 128 146 16 155 54 107 14 17 74 152 46 157 84 
53 37 1 
25 24 30 
17 4 56 
56 8 39 
5.350809335708618 sec. 0.0 3.79746835443038 3.869047619047619

100 20 13 142 107 111 1 158 5 123 16 99 95 59 56 98 48 154 124 23 
53 55 28 
18 25 33 
30 42 57 
62 19 68 
5.257209300994873 sec. 0.0 2.5316455696202533 0.5952380952380952

93 123 119 172 75 138 163 146 33 137 143 97 63 19 92 42 109 154 11 20 
39 83 73 
11 0 47 
77 98 4 
69 31 22 
5.460009813308716 sec. 0.0 1.2658227848101267 5.357142857142857

138 147 146 12 154 136 10 93 15 42 0 108 13 129 124 163 158 87 89 78 
54 68 56 
4 9 29 
107 12 39 
69 36 40 
5.335209369659424 sec. 0.0 1.2658227848101267 0.5952380952380952

62 27 32 61 99 136 135 6 30 165 13 105 35 22 112 49 57 80 163 85 
6 84 32 
32 11 8 
21 85 9 
16 23 47 
5.47560977935791 sec. 0.0 8.227848101265822 2.6785714285714284

79 166 75 28 84 33 147 109 139 116 48 143 15 94 113 78 30 175 46 103 
98 43 17 
22 54 30 
15 79 100 
56 70 72 
5.257209300994873 sec. 0.0 3.79746835443038 4.166666666666666

49 142 119 97 156 160 78 107 89 2 155 152 141 35 20 157 14 45 131 117 
19 49 18 
28 27 36 
57 28 105 
18 57 66 
5.382009744644165 sec. 0.0 5.063291139240507 1.1904761904761905

59 47 134 165 39 114 64 62 1 177 98 160 143 95 125 69 0 167 92 133 
52 61 72 
49 45 52 
43 55 113 
2 30 46 
5.413209676742554 sec. 0.0 3.1645569620253164 5.357142857142857

113 59 134 120 9 52 99 168 156 82 43 61 29 149 112 68 16 107 69 161 
76 90 18 
14 51 15 
56 95 80 
40 49 39 
5.366409540176392 sec. 0.0 0.6329113924050633 4.464285714285714

0 126 165 99 162 22 50 160 131 41 43 66 46 157 154 81 155 34 83 93 
41 2 29 
30 56 38 
45 79 47 
49 51 34 
5.475609540939331 sec. 0.0 0.6329113924050633 0.5952380952380952

169 149 174 142 27 86 72 128 7 4 46 52 105 160 74 120 114 79 168 87 
57 93 11 
17 18 27 
38 3 97 
18 69 63 
5.39760947227478 sec. 0.0 0.6329113924050633 3.869047619047619

3 71 76 66 163 173 80 126 119 116 142 105 78 25 138 168 84 14 123 58 
17 12 20 
39 44 9 
106 75 101 
53 31 21 
5.3196094036102295 sec. 0.0 0.6329113924050633 9.523809523809524

5 138 75 88 47 22 31 90 131 17 87 6 21 163 89 142 112 132 29 170 
49 23 76 
48 12 51 
68 38 2 
37 31 69 
5.350809335708618 sec. 0.0 5.69620253164557 5.357142857142857

78 161 60 153 0 174 170 65 95 98 74 51 107 49 54 11 57 9 154 110 
60 88 9 
3 1 53 
35 52 85 
16 54 19 
5.428809404373169 sec. 0.0 6.329113924050633 0.8928571428571428

157 29 159 142 82 155 20 143 33 74 80 98 130 42 46 16 51 148 100 27 
49 22 15 
45 3 39 
19 105 87 
28 50 58 
5.350809335708618 sec. 0.0 1.2658227848101267 0.5952380952380952

29 100 89 35 167 66 155 58 28 37 41 93 23 62 44 1 30 161 175 138 
27 77 66 
2 45 42 
78 39 58 
11 46 25 
5.226009368896484 sec. 0.0 1.2658227848101267 9.821428571428571

177 41 113 21 55 170 119 49 135 74 
52 20 63 
24 44 37 
79 83 113 
70 63 49 
5.285302639007568 sec. 0.0 7.142857142857142 0.0

54 146 6 3 55 133 145 97 83 71 
32 72 10 
23 51 16 
28 98 64 
2 37 23 
4.754271984100342 sec. 0.0 5.357142857142857 1.488095238095238

152 91 55 110 9 175 42 142 20 162 
84 37 96 
24 23 15 
111 31 82 
28 39 23 
4.9682841300964355 sec. 0.0 3.571428571428571 2.380952380952381

1 158 50 171 59 24 53 163 33 77 
32 95 99 
46 7 15 
56 49 50 
25 63 29 
4.6142637729644775 sec. 0.0 1.1904761904761905 0.2976190476190476

130 175 144 55 21 29 38 104 132 136 
94 77 73 
54 19 45 
22 37 0 
24 49 34 
4.7292704582214355 sec. 0.0 9.523809523809524 0.8928571428571428

67 54 159 78 165 12 60 46 126 166 
25 69 91 
2 19 3 
68 10 41 
36 0 30 
5.268301248550415 sec. 0.0 8.928571428571429 0.0

135 37 42 2 86 116 96 111 123 122 
42 85 1 
10 52 26 
85 98 1 
41 10 59 
5.526315927505493 sec. 0.0 6.547619047619048 0.2976190476190476

97 154 41 50 65 170 177 150 153 131 
18 60 36 
34 16 37 
112 46 75 
48 16 26 
6.299360275268555 sec. 0.0 16.666666666666664 0.2976190476190476

166 52 124 66 49 161 142 60 104 130 
1 27 34 
18 10 2 
45 44 46 
51 34 8 
5.737328052520752 sec. 0.0 11.904761904761903 0.0

22 9 116 65 175 30 36 164 7 107 
55 75 58 
55 56 18 
33 43 112 
73 65 21 
5.415309906005859 sec. 0.0 7.142857142857142 0.2976190476190476

122 154 49 69 171 71 82 29 4 55 
21 20 54 
22 27 36 
7 53 95 
33 69 32 
6.431367635726929 sec. 0.0 5.357142857142857 0.0

145 22 45 104 158 6 87 82 126 166 
91 26 64 
35 25 15 
42 4 80 
51 71 3 
6.225356340408325 sec. 0.0 10.714285714285714 0.0

92 49 97 35 75 146 30 117 38 124 
5 75 82 
56 44 1 
92 64 32 
42 63 16 
5.851334810256958 sec. 0.0 9.523809523809524 0.5952380952380952

33 0 139 106 116 22 143 25 45 3 
15 3 11 
7 40 32 
97 42 47 
13 56 62 
6.00934362411499 sec. 0.0 10.119047619047619 0.5952380952380952

115 86 84 138 3 174 2 63 144 125 
45 60 5 
16 44 25 
115 106 112 
51 67 52 
4.959283828735352 sec. 0.0 10.714285714285714 1.488095238095238

9 138 130 82 135 84 16 85 63 118 
78 30 76 
50 18 13 
48 99 98 
38 74 48 
4.998286247253418 sec. 0.0 4.761904761904762 0.0

165 109 16 78 87 55 129 94 74 71 
28 64 56 
27 12 45 
84 35 50 
0 9 64 
4.985285043716431 sec. 0.0 6.547619047619048 0.5952380952380952

98 97 56 127 134 125 162 90 166 110 
99 45 32 
45 49 22 
33 97 91 
17 53 6 
4.679267644882202 sec. 0.0 19.047619047619047 0.2976190476190476

10 111 138 81 123 73 154 168 30 130 
36 3 85 
30 19 4 
94 0 63 
17 45 27 
4.8382768630981445 sec. 0.0 10.714285714285714 0.0

93 177 108 3 137 83 103 13 6 75 
77 47 30 
9 54 45 
63 29 94 
74 6 51 
5.314303874969482 sec. 0.0 2.380952380952381 0.0

163 170 169 171 87 81 15 78 162 83 
41 85 70 
54 36 46 
47 52 40 
39 29 31 
5.105292081832886 sec. 0.0 5.357142857142857 0.0

115 74 4 158 145 114 137 167 28 75 
63 46 54 
17 21 3 
113 8 46 
22 72 12 
4.846277475357056 sec. 0.0 11.904761904761903 0.2976190476190476

66 45 88 11 99 12 60 81 14 159 
89 42 25 
19 36 28 
17 95 27 
68 27 0 
4.9732842445373535 sec. 0.0 5.952380952380952 0.2976190476190476

7 51 93 39 121 109 13 23 155 34 
43 56 13 
55 21 45 
21 82 102 
29 63 42 
5.064289808273315 sec. 0.0 5.952380952380952 0.0

112 23 4 24 51 88 25 22 49 36 
90 79 43 
17 3 53 
71 29 25 
26 18 71 
4.878279209136963 sec. 0.0 6.547619047619048 1.1904761904761905

137 171 159 0 40 109 125 50 35 48 
34 51 38 
51 31 23 
33 21 106 
9 42 57 
4.891279935836792 sec. 0.0 10.714285714285714 0.0

46 80 67 19 172 51 3 159 26 59 
99 78 73 
11 53 18 
37 111 73 
40 74 46 
4.65726637840271 sec. 0.0 7.738095238095238 0.0

22 36 111 52 8 120 145 79 112 129 
29 37 4 
56 52 42 
32 7 69 
27 41 16 
4.755271911621094 sec. 0.0 7.142857142857142 0.0

54 58 123 173 140 135 33 172 129 165 
40 60 7 
0 53 45 
56 16 9 
38 15 13 
4.990408897399902 sec. 0.0 6.547619047619048 0.0

101 129 138 164 73 165 13 157 46 57 
57 84 52 
2 43 7 
33 85 97 
72 14 49 
4.648808240890503 sec. 0.0 5.357142857142857 0.0

91 77 110 44 36 85 29 64 74 128 
77 23 26 
56 49 14 
52 31 38 
36 27 40 
4.820408582687378 sec. 0.0 2.380952380952381 7.738095238095238

158 63 4 128 81 49 47 90 126 0 
81 92 96 
21 4 7 
61 42 114 
70 55 13 
5.007608652114868 sec. 0.0 7.142857142857142 0.8928571428571428

22 172 10 86 109 112 122 176 66 19 
46 77 41 
2 6 39 
49 93 114 
10 19 25 
5.506809711456299 sec. 0.0 5.952380952380952 0.8928571428571428

96 160 72 111 40 143 48 123 89 55 
24 28 16 
41 2 44 
20 100 59 
16 7 23 
5.3196094036102295 sec. 0.0 9.523809523809524 0.0

54 90 145 92 146 17 73 177 136 102 
44 10 61 
11 27 45 
33 23 110 
64 70 12 
5.382009267807007 sec. 0.0 7.142857142857142 1.1904761904761905

71 104 177 128 112 93 137 136 62 109 
48 96 18 
6 4 51 
42 83 82 
43 50 63 
5.13240909576416 sec. 0.0 4.166666666666666 0.8928571428571428

77 127 51 3 81 37 171 54 62 79 
30 67 75 
39 33 10 
69 12 36 
14 61 42 
5.272809267044067 sec. 0.0 17.261904761904763 0.0

65 47 10 108 50 160 93 0 56 1 
37 58 12 
19 3 7 
41 42 23 
9 40 0 
4.992008686065674 sec. 0.0 7.142857142857142 0.0

4 89 26 148 18 34 98 23 64 119 
3 22 63 
31 9 54 
29 94 66 
17 4 67 
5.257209300994873 sec. 0.0 11.904761904761903 0.2976190476190476

77 11 41 54 132 2 53 69 118 1 
22 78 39 
26 40 13 
85 31 25 
48 24 59 
5.210408926010132 sec. 0.0 3.571428571428571 2.083333333333333

81 154 27 12 33 149 17 125 119 137 
69 70 50 
30 29 28 
2 108 55 
32 41 6 
6.130810976028442 sec. 0.0 4.761904761904762 0.0

138 107 84 72 156 61 122 134 6 86 
89 8 92 
6 30 47 
104 107 23 
69 58 52 
4.742408275604248 sec. 0.0 15.476190476190476 0.0

89 92 100 68 25 105 21 149 173 125 
35 48 6 
4 19 25 
61 41 92 
74 60 64 
5.772010326385498 sec. 0.0 7.142857142857142 0.0

0 134 41 51 9 168 130 82 61 164 
68 44 49 
6 22 27 
110 98 59 
5 54 71 
5.007608890533447 sec. 0.0 7.738095238095238 0.2976190476190476

65 0 158 88 44 108 77 152 93 67 
23 71 79 
23 3 53 
59 32 91 
69 66 18 
4.711208343505859 sec. 0.0 10.714285714285714 0.0

5 117 96 78 109 83 9 135 166 51 
83 4 29 
28 14 26 
36 85 99 
58 30 21 
4.664408445358276 sec. 0.0 5.357142857142857 0.2976190476190476

37 49 83 65 177 145 16 66 29 69 
91 97 85 
7 21 19 
62 91 25 
11 41 20 
4.914008855819702 sec. 0.0 10.714285714285714 3.571428571428571

156 24 47 154 144 81 58 88 63 174 
74 89 53 
4 38 42 
80 68 18 
29 61 3 
5.132408857345581 sec. 0.0 4.761904761904762 0.0

163 132 101 106 175 82 65 91 35 37 
63 72 48 
55 25 14 
112 60 35 
49 11 42 
4.773608446121216 sec. 0.0 10.714285714285714 0.0

15 115 109 61 128 42 75 160 138 27 
64 94 99 
10 11 17 
13 18 86 
59 20 73 
4.742408514022827 sec. 0.0 2.380952380952381 0.2976190476190476

97 117 162 58 59 90 24 43 169 80 
35 36 
36 3 
11 71 
54 13 
6.0528106689453125 sec. 0.0 14.285714285714285 0.0

48 85 102 86 11 44 18 8 64 87 
45 69 
52 19 
53 60 
45 58 
4.726808309555054 sec. 0.0 2.380952380952381 1.7857142857142856

35 134 60 56 138 157 10 108 42 177 
99 49 
43 7 
94 19 
65 48 
5.772010087966919 sec. 0.0 11.30952380952381 0.2976190476190476

35 113 85 57 172 120 161 28 163 46 
49 55 
22 48 
73 64 
21 1 
5.5380096435546875 sec. 0.0 8.928571428571429 0.0

11 1 75 10 102 63 100 65 136 27 
67 57 
13 52 
18 5 
69 34 
4.680008172988892 sec. 0.0 8.333333333333332 0.0

76 38 128 104 175 87 59 39 81 50 
97 45 
25 51 
29 39 
71 14 
4.680008172988892 sec. 0.0 2.976190476190476 0.5952380952380952

131 22 71 63 132 121 130 77 177 29 
50 45 
5 17 
87 53 
31 36 
4.820408344268799 sec. 0.0 5.952380952380952 0.5952380952380952

30 73 150 135 33 92 137 11 147 64 
78 20 
44 43 
37 53 
74 32 
4.742408275604248 sec. 0.0 9.523809523809524 0.5952380952380952

2 32 133 138 60 175 163 66 20 141 
99 24 
36 9 
61 59 
32 11 
4.555208206176758 sec. 0.0 5.952380952380952 0.0

155 76 72 122 161 39 96 174 135 142 
31 70 
20 12 
84 58 
17 12 
4.711208343505859 sec. 0.0 10.714285714285714 0.0

50 162 65 105 67 
57 
47 
56 
53 
4.134006977081299 sec. 0.0 31.213872832369944 0.0

129 121 47 67 126 
67 
51 
60 
36 
4.2432074546813965 sec. 0.0 31.79190751445087 0.0

6 146 133 81 65 
45 
33 
24 
13 
4.118407487869263 sec. 0.0 24.85549132947977 0.0

154 21 74 118 48 
45 
26 
19 
26 
4.1184070110321045 sec. 0.0 13.294797687861271 0.0

142 38 62 68 71 
64 
40 
101 
55 
4.321207523345947 sec. 0.0 29.47976878612717 0.0

52 135 13 21 38 
60 
14 
77 
48 
4.102807283401489 sec. 0.0 64.73988439306359 0.0

145 15 146 51 8 
34 
52 
32 
25 
4.227607488632202 sec. 0.0 23.121387283236995 0.2976190476190476

173 18 74 148 175 
78 
24 
22 
30 
4.149607181549072 sec. 0.0 27.167630057803464 0.0

20 147 52 93 87 
14 
28 
52 
63 
4.149607419967651 sec. 0.0 17.91907514450867 0.0

84 119 32 170 9 
97 
38 
65 
35 
4.1964075565338135 sec. 0.0 34.68208092485549 0.0

85 92 32 93 69 27 124 




63 131 17 86 136 15 52 




157 23 152 114 21 73 42 
58 155 78 157 25 103 19 
144 24 95 122 63 147 171 
74 23 146 170 173 91 39 
3.7900352478027344 sec. 0.0 0.0 100.0

52 81 147 162 12 117 141 
4.667834997177124 sec. 0.0 0.0 100.0

91 104 101 77 163 120 133 
3.7284064292907715 sec. 0.0 0.0 100.0

16 162 82 7 15 52 17 
19.335434436798096 sec. 0.0 0.0 100.0

24 175 52 7 86 81 172 
18.673232793807983 sec. 0.0 0.0 100.0

46 40 44 140 147 113 69 
21.528037786483765 sec. 0.0 0.0 100.0

59 22 85 36 102 110 157 
25.52046823501587 sec. 0.0 0.0 100.0

18 39 38 148 123 55 112 
163 41 61 34 43 115 64 
32 137 33 78 41 89 56 
83 22 51 146 21 156 72 
4.2372424602508545 sec. 0.0 2.3391812865497075 4.117647058823529

145 36 77 159 120 52 87 
4.657266139984131 sec. 0.0 4.678362573099415 0.5882352941176471

65 3 135 54 66 91 154 
4.52725887298584 sec. 0.0 5.847953216374268 0.8823529411764706

75 6 67 31 80 144 99 
4.6912682056427 sec. 0.0 2.3391812865497075 5.0

57 21 13 0 88 160 137 
4.788273811340332 sec. 0.0 12.280701754385964 0.5882352941176471

36 35 60 129 109 112 159 
5.0842907428741455 sec. 0.0 6.432748538011696 0.5882352941176471

80 9 175 148 121 128 51 
4.410252332687378 sec. 0.0 9.941520467836257 1.1764705882352942

40 111 110 39 150 32 35 
4.4882566928863525 sec. 0.0 6.432748538011696 1.7647058823529411

121 101 70 134 42 99 14 
4.325247287750244 sec. 0.0 0.5847953216374269 2.0588235294117645

165 166 96 174 122 103 57 
4.555260419845581 sec. 0.0 8.771929824561402 1.1764705882352942

87 80 20 161 168 176 11 
4.681267738342285 sec. 0.0 1.7543859649122806 1.1764705882352942

166 164 171 96 115 43 176 
95 39 
36 11 
77 1 
24 16 
4.2362425327301025 sec. 0.0 23.976608187134502 0.8823529411764706

28 75 37 107 161 14 143 
49 3 
10 0 
105 25 
18 53 
4.395251274108887 sec. 0.0 4.678362573099415 1.7647058823529411

13 50 177 145 148 174 157 
40 28 
27 13 
113 5 
3 42 
4.276244401931763 sec. 0.0 8.771929824561402 1.1764705882352942

145 2 142 139 108 161 14 
27 81 
20 9 
10 56 
3 31 
4.26124382019043 sec. 0.0 26.900584795321635 0.8823529411764706

70 0 163 40 132 21 157 
20 26 
11 51 
62 23 
39 45 
4.449254512786865 sec. 0.0 11.695906432748536 0.0

47 110 156 106 84 151 114 
86 35 
0 12 
75 68 
73 70 
4.8342766761779785 sec. 0.0 3.508771929824561 3.823529411764706

60 66 75 51 120 68 37 
51 16 
10 54 
76 49 
41 18 
4.636265277862549 sec. 0.0 1.1695906432748537 1.7647058823529411

